22 16634824
22 16851053
22 16869959
22 16918095
22 16953082
22 16413852
22 16946838
22 16536652
22 16550039
22 16242489
22 16897013
22 16918040
22 16655063
22 16937792
22 16949727
22 16403216
22 16582714
22 16574872
22 16913237
22 16507488
22 16537283
22 16400935
22 16059200
22 16538057
22 16115386
22 16859807
22 16897334
22 16853940
22 16554584
22 16924826
22 16286468
22 16497038
22 16879289
22 16578764
22 16866393
22 16650190
22 16598402
22 16467413
22 16549896
22 16855349
22 16458258
22 16174902
22 16491840
22 16055912
22 16069439
22 16328051
22 16199165
22 16619715
22 16446199
22 16896028
22 16893197
22 16923352
22 16590820
22 17008575
22 16930252
22 16067379
22 16637930
22 16351812
22 16360892
22 16311458
22 16580702
22 16939604
22 16545257
22 16177625
22 16855366
22 16656903
22 16444237
22 17005407
22 16856292
22 16851449
22 16058977
22 16265093
22 16922765
22 16334013
22 16623657
22 16852914
22 16549056
22 16914035
22 16532532
22 16312229
22 16609244
22 16050847
22 16571888
22 16362237
22 16849519
22 16860935
22 16883761
22 16652816
22 16373041
22 16359849
22 16915536
22 16657810
22 16890912
22 16526303
22 16341826
22 16848144
22 16629389
22 16065812
22 16913453
22 16441798
22 16924347
22 16478708
22 16352247
22 16403377
22 16592392
22 16929658
22 16498784
22 16360561
22 16875289
22 16552916
22 16343685
22 16687870
22 16253197
22 16287246
22 16363530
22 16917785
22 16624217
22 16899162
22 16592336
22 16944705
22 16648725
22 16890569
22 16263372
22 16887434
22 17008726
22 16050654
22 16918335
22 16912541
22 16598569
22 16582596
22 16903845
22 16143946
22 16849520
22 16934854
22 16946853
22 16585136
22 16885976
22 16963964
22 16869204
22 16245796
22 16919347
22 16433683
22 16080579
22 16912792
22 16489453
22 16400728
22 16946779
22 16878289
22 16462628
22 16908514
22 16892411
22 16211399
22 16145159
22 16546575
22 16862031
22 16938183
22 16588968
22 16578265
22 16948951
22 16582560
22 16854064
22 16854552
22 16546535
22 16966809
22 16287579
22 16459639
22 16956838
22 16296758
22 16937859
22 16882738
22 16241858
22 16949864
22 16857265
22 16618547
22 16862187
22 16515917
22 16217991
22 16958285
22 16543089
22 16057774
22 16415040
22 16069467
22 16875074
22 16399646
22 16930326
22 16944743
22 16286879
22 16628371
22 16508334
22 16295132
22 16878169
22 16853055
22 16882258
22 16614751
22 16848080
22 16343889
22 16905011
22 16652095
22 16617726
22 16926607
22 16164448
22 16859620
22 16212203
22 16140400
22 16504375
22 16419610
22 16924533
22 16896737
22 16481420
22 16901221
22 16521932
22 16514160
22 16439593
22 16364094
22 16155259
22 16860301
22 16471544
22 16103787
22 16573816
22 16693647
22 16918508
22 17007896
22 16404616
22 16391918
22 16878884
22 16527408
22 16200329
22 16067500
22 16529577
22 16584095
22 16365719
22 16550102
22 16054248
22 16928583
22 16676962
22 16614424
22 16899004
22 16854822
22 16848597
22 16228736
22 16898869
22 16268948
22 16872643
22 16906427
22 16271228
22 16631612
22 16394872
22 16337703
22 16415544
22 16658010
22 16916810
22 16629111
22 16895761
22 16917857
22 16610743
22 16687660
22 16859214
22 16401613
22 16932216
22 16857281
22 16496595
22 16925953
22 16628905
22 16419907
22 16915998
22 16134585
22 16941262
22 16583970
22 16453142
22 16206469
22 16483121
22 16943956
22 16206174
22 16900568
22 17004905
22 16052428
22 16861056
22 16429578
22 16149086
22 16905509
22 16930527
22 16541520
22 16647583
22 16583867
22 16052394
22 16229635
22 16527040
22 16602513
22 16881679
22 16447985
22 16541149
22 16138253
22 16495350
22 16580764
22 16971021
22 16470234
22 16908526
22 16633599
22 16964117
22 16401009
22 17009391
22 16638919
22 16438164
22 16266920
22 16615411
22 16641958
22 16850275
22 16932725
22 16958365
22 16851016
22 16280850
22 16613814
22 16195838
22 16199969
22 16535642
22 16305951
22 16646127
22 16510821
22 16073410
22 16404897
22 16589449
22 16948598
22 16929978
22 16857952
22 16488361
22 16340017
22 16932565
22 16646091
22 16865481
22 16559877
22 16920043
22 16548272
22 16220468
22 16625088
22 16853488
22 16419386
22 16617318
22 16857983
22 16357784
22 16160481
22 16582964
22 16565426
22 16462419
22 16696137
22 16670798
22 16444775
22 16658046
22 16428988
22 16902155
22 16203103
22 16574682
22 16541972
22 16050739
22 16892479
22 16616961
22 16858253
22 16619223
22 16878202
22 16446084
22 16871310
22 16930611
22 16559930
22 16872894
22 16894695
22 16650488
22 16123467
22 16901700
22 16896358
22 16629961
22 16545768
22 16494800
22 16381075
22 16548025
22 16502641
22 16490618
22 16945996
22 16914962
22 16538766
22 16909003
22 16630728
22 16531716
22 16577819
22 16140838
22 16565610
22 16615421
22 16055575
22 16230553
22 16952858
22 16914542
22 16949499
22 16576754
22 16201010
22 16073219
22 16952412
22 16513167
22 16559541
22 16594818
22 16350537
22 16849228
22 16152230
22 16578365
22 16344555
22 16430266
22 16899627
22 16480424
22 16868877
22 16911381
22 16944664
22 16289275
22 16113927
22 16228051
22 16923692
22 16909475
22 16401098
22 16852176
22 16861685
22 16876370
22 16911950
22 16242171
22 16289612
22 16281228
22 16526708
22 16137501
22 16693526
22 16606071
22 16150930
22 16656791
22 16055900
22 16611455
22 16513083
22 16287955
22 16862524
22 16296708
22 16953727
22 17007410
22 16287449
22 16868131
22 16930691
22 16052080
22 16945198
22 16438177
22 16461911
22 16920757
22 16913091
22 16870484
22 16289960
22 16364736
22 16061713
22 16876305
22 16885002
22 16948653
22 16191713
22 16580763
22 16866894
22 16176715
22 16961877
22 16659032
22 16312425
22 16564733
22 16346459
22 16535396
22 16604133
22 16872621
22 16378046
22 16640648
22 16667887
22 16957285
22 16558329
22 16908538
22 16656454
22 16570177
22 16277749
22 16660797
22 16348857
22 16869940
22 16424541
22 16861786
22 16269822
22 16328160
22 16444179
22 16929271
22 16939224
22 16157622
22 16490878
22 16434274
22 16425756
22 16916191
22 16860763
22 16929983
22 16426647
22 16866007
22 16255366
22 16879014
22 16853426
22 16584704
22 16903176
22 16887242
22 16639708
22 16053249
22 17007740
22 16597118
22 16944123
22 16621059
22 16638427
22 16857863
22 16951707
22 16615826
22 16053488
22 16250235
22 16226255
22 16632974
22 16318335
22 16587596
22 16364334
22 16695829
22 16949759
22 16607994
22 16057543
22 16658409
22 16934723
22 16489621
22 16571644
22 16857166
22 16468942
22 16347199
22 16861724
22 16359665
22 16920122
22 16876820
22 16484055
22 16860985
22 16848307
22 16449075
22 16534609
22 16867380
22 16136529
22 16927929
22 16854173
22 16562612
22 16302589
22 16857651
22 16580689
22 16457822
22 16220625
22 16851537
22 16286989
22 16512938
22 16861862
22 16960259
22 16854154
22 16852977
22 16554109
22 16852263
22 16648439
22 16687501
22 16529286
22 16414050
22 16864293
22 16859311
22 16532855
22 16539450
22 16052962
22 16585936
22 16052463
22 16536699
22 16549506
22 16947397
22 16656976
22 16056115
22 16173887
22 16598445
22 16629782
22 16570499
22 16896165
22 16872891
22 16360026
22 16174474
22 16875989
22 16229164
22 16861728
22 16341143
22 16886064
22 16590443
22 16202604
22 16933773
22 16619758
22 16264665
22 16150589
22 16502132
22 16899573
22 16488702
22 16910781
22 16053791
22 16403717
22 16675412
22 16341125
22 16877107
22 16906304
22 16140448
22 16869927
22 16641516
22 16141716
22 16859040
22 16639173
22 16336673
22 16957299
22 16535817
22 16249099
22 16567205
22 16851284
22 16647390
22 16660038
22 16572090
22 16915859
22 16948593
22 16540464
22 16652436
22 16264585
22 16928803
22 16865126
22 17009096
22 16210714
22 16097797
22 16203380
22 16603234
22 16920281
22 16222607
22 16539211
22 16935841
22 16893721
22 17007907
22 16345894
22 16867400
22 16576713
22 16442047
22 16890986
22 16908931
22 16239600
22 16875337
22 16549579
22 16861894
22 16913596
22 16216208
22 16140740
22 16661781
22 16417056
22 16661964
22 16886896
22 16870166
22 16123409
22 16851428
22 16947431
22 16639120
22 17008981
22 16125730
22 16862366
22 16360266
22 16482313
22 16946586
22 16358287
22 16905779
22 16954834
22 16897772
22 16894182
22 16194858
22 16516524
22 16898427
22 16457016
22 16451772
22 16526485
22 16945700
22 16485184
22 16495199
22 16563821
22 16069532
22 16887280
22 16296837
22 16311164
22 16422776
22 16490405
22 17007970
22 16649628
22 16468957
22 16892654
22 16458103
22 16208384
22 16943580
22 16872553
22 16268994
22 16155290
22 16926359
22 16281148
22 16956181
22 16353218
22 16152099
22 16224011
22 16652018
22 16862392
22 16855197
22 16572975
22 16923924
22 16587888
22 16565617
22 16848339
22 16849439
22 16497623
22 16907473
22 16238407
22 16901191
22 16945076
22 16406184
22 16853232
22 16089567
22 16954652
22 16419912
22 16565178
22 16915280
22 16957100
22 16886624
22 16429587
22 16562236
22 16081654
22 16897908
22 16925232
22 16874494
22 16242388
22 16302297
22 16854342
22 16893737
22 16186970
22 16520144
22 16926260
22 16650063
22 16507631
22 16348948
22 16277813
22 16050568
22 16055478
22 16615727
22 16135378
22 16922651
22 16148535
22 16664679
22 16670754
22 16949343
22 16632080
22 16455254
22 16230411
22 16891041
22 16880779
22 16892575
22 16956818
22 16507037
22 16170613
22 16861143
22 16219288
22 16067462
22 16526792
22 16148197
22 16499699
22 16529346
22 16164654
22 16950766
22 16246368
22 16586849
22 16279216
22 16950968
22 16860360
22 16237058
22 16909860
22 16614020
22 16644804
22 16851622
22 16856609
22 16947367
22 16862966
22 16862729
22 16910886
22 16353208
22 16850105
22 16245848
22 16502153
22 16517752
22 16590037
22 16234925
22 16465129
22 16433365
22 16154477
22 16470608
22 16878213
22 16230813
22 16933956
22 16231255
22 16538159
22 16281560
22 16592392
22 16851330
22 16930720
22 16199871
22 16932628
22 16434315
22 16313168
22 16381183
22 16873531
22 16576636
22 16489747
22 16293735
22 16850346
22 16580566
22 16870392
22 16524945
22 16554544
22 16887339
22 16487225
22 16545823
22 16208689
22 16458697
22 16888646
22 16934485
22 16935821
22 16434913
22 16347637
22 16141920
22 16883361
22 16133705
22 16578490
22 16868310
22 16876672
22 16229085
22 16584894
22 16568518
22 17004497
22 16881006
22 17007272
22 16631973
22 16885942
22 16464502
22 16244405
22 16853328
22 16871709
22 16476461
22 16205833
22 16069141
22 16225633
22 16239780
22 16872084
22 16296772
22 16912638
22 16663586
22 16513767
22 16222641
22 16860778
22 16395223
22 16478236
22 16861881
22 16080694
22 16403506
22 16953759
22 16053814
22 16150016
22 16498391
22 16927687
22 16059993
22 16343959
22 16565665
22 16664187
22 16252281
22 16871766
22 16874741
22 17003381
22 16867148
22 16537607
22 16320353
22 16862428
22 16277284
22 16857353
22 16897140
22 16963573
22 16340685
22 16063424
22 16423114
22 16933831
22 16611577
22 16862103
22 16921932
22 16861975
22 16592995
22 16211444
22 16247216
22 16647724
22 16861629
22 16341377
22 16597915
22 16944154
22 16883525
22 16519289
22 16106333
22 16917028
22 16278260
22 16494768
22 16426936
22 16517649
22 16930543
22 16287759
22 16947182
22 16933502
22 16535039
22 16610414
22 16590762
22 16242188
22 16052684
22 16313149
22 16413054
22 16857139
22 16964463
22 16878635
22 16521035
22 16924676
22 16666807
22 16891533
22 16872011
22 16555810
22 16415015
22 16885954
22 16366264
22 16931227
22 16960246
22 16263844
22 16239979
22 16875557
22 16879905
22 16950090
22 16572329
22 16365373
22 16506827
22 16431642
22 16953771
22 16926189
22 16210650
22 16564738
22 16866059
22 16459587
22 16874757
22 16191396
22 16510524
22 16932830
22 16231396
22 16215903
22 16891166
22 16638883
22 16196095
22 16565312
22 16561242
22 16629230
22 16892430
22 16857798
22 16345428
22 16641453
22 16662015
22 16269591
22 16857301
22 16294301
22 16947988
22 16897695
22 16248717
22 16881280
22 16967034
22 16918532
22 16159440
22 16930428
22 16957649
22 16356499
22 16928582
22 16450775
22 16868198
22 16926422
22 16919741
22 16874603
22 16215028
22 16587556
22 16600923
22 16848104
22 16456829
22 16193658
22 16551355
22 16412969
22 16550325
22 16888798
22 16055105
22 16193637
22 16951974
22 16885995
22 16867374
22 16539890
22 16964075
22 16887106
22 16930458
22 16646296
22 16864820
22 16896807
